701771 653162 1.5
701771 701771 8.5
299010 249521 6.9
299010 284674 0.2
79403 54266 1.2
79403 69449 2.9
300585 306809 6.8
300585 300585 6.2
200465 191390 7.7
200465 253510 0.9
525571 604751 0.6
525571 523695 6
174453 133926 6.9
174453 216811 4.9
465995 437120 0.9
465995 507428 3.6
731993 714076 6.9
731993 729235 1.1
748618 746768 3.9
748618 701771 5.1
504468 571943 6.2
504468 444136 9.6
124223 151289 2.5
124223 190828 4.1
177711 227245 8.3
177711 133659 6.4
298504 268753 8
298504 253510 6.9
384803 351540 2
384803 361358 5.4
688710 632868 5.9
688710 687754 0.6
419259 479605 1.6
419259 360737 1.9
604751 666787 8.7
604751 525571 1.2
739919 794774 5.5
739919 687754 3.2
21954 75152 7.1
21954 43616 8.7
181067 165835 7.6
181067 151289 9.5
461342 384803 7.9
461342 514440 1
370967 407007 3.8
370967 316036 3.3
571943 554772 0.7
571943 504468 3
586872 533778 6.1
586872 652609 8.3
133926 151103 2.4
133926 130236 5
261790 252850 0.8
261790 299549 1.2
491745 450367 0.8
491745 554772 8.5
763821 752040 5.4
763821 696320 4.4
794774 739919 4.9
794774 758739 3.7
797214 748618 7.1
797214 763821 8.9
648501 587303 1.4
648501 693423 0.6
49143 13092 2
49143 94205 2.8
533778 527541 3.7
533778 586872 2.9
605050 561014 1.3
605050 645604 7.6
583385 519496 4.5
583385 632868 0.9
75152 43616 4.5
75152 133659 3.7
768973 781513 6.1
768973 759161 8.6
151103 133926 4.9
151103 116950 6.3
165835 198285 4.6
165835 97449 4.3
198285 165835 6.2
198285 130786 1.5
253005 301588 5
253005 198095 4.8
326211 375681 9
326211 324355 8.9
227245 274922 8.9
227245 177711 9
407007 406160 0.5
407007 460982 3.3
363371 349814 0.7
363371 398506 5
742483 780203 4.6
742483 794670 7.2
471838 406160 8.6
471838 460982 6.3
472512 533778 8.6
472512 432057 0
130786 165835 2.7
130786 198285 0.5
623225 615962 2.5
623225 693423 5.6
780203 719910 4.5
780203 794670 0.2
491803 450367 2.6
491803 491745 1.6
189872 151103 0.7
189872 252850 4.2
554772 571943 3.2
554772 561014 5
752040 797050 3.3
752040 763821 7.2
759161 798731 4.3
759161 768973 1.2
719910 666787 2.5
719910 780203 3.9
301588 316036 6.4
301588 315022 7
684914 758739 4.6
684914 612018 6
133659 191333 5.9
133659 177711 1
351540 349814 4.7
351540 384803 7.6
437120 363371 2.2
437120 465995 0.3
130236 94205 9.1
130236 200465 2.6
797050 763821 5.1
797050 696225 5.7
599285 666787 0.8
599285 523695 8
523695 599285 4.8
523695 479605 8.6
42066 13204 7.4
42066 87092 1.8
249521 284674 2.6
249521 227876 5.6
460982 407007 8.4
460982 519496 5.8
563209 507428 1
563209 592860 6.1
324355 368410 8.8
324355 375681 3.9
198095 151289 3.1
198095 253005 6.8
252331 205542 9.7
252331 198285 1.6
191333 268753 5
191333 117508 9.1
316036 299010 0
316036 370967 6.2
368410 406160 4.2
368410 375681 0.4
501928 437120 5
501928 465995 8.5
639593 592860 2.3
639593 590084 6.5
284674 332380 3.8
284674 249521 5.5
687754 632868 5.3
687754 688710 6.1
519496 460982 7.6
519496 527541 9.9
299549 261790 7.9
299549 306809 0.3
190828 198095 0.3
190828 124223 0.9
638841 653162 3.5
638841 599285 7.2
39521 14247 7.6
39521 116950 9.7
375681 361358 5.5
375681 368410 6.7
117508 75152 1.8
117508 49143 1.5
14247 58372 5
14247 42066 7.7
132646 130786 0.5
132646 205542 0.4
398506 465995 7
398506 363371 6.7
227186 227245 7.6
227186 177711 1.9
252850 216811 4.3
252850 306809 4.8
652609 698479 5.2
652609 586872 7.5
360737 299549 1.1
360737 363371 0.6
274922 326211 1.7
274922 227186 0.5
54875 39521 5
54875 116950 9.3
645604 615962 1.1
645604 561014 4.4
266429 301588 5.7
266429 315022 5.6
332380 284674 9.2
332380 368410 9.7
191390 191333 7.1
191390 200465 1.1
408723 361892 4.3
408723 370967 8.3
306809 261790 2.9
306809 252850 3.7
758739 794774 6.3
758739 698479 1.4
78391 74724 2.5
78391 151289 7.2
361358 375681 1
361358 384803 7.1
590084 639593 3.2
590084 587303 0.5
729235 687754 0.6
729235 782300 1.6
440985 525571 0.1
440985 354539 5.3
546009 514440 1.3
546009 590084 5.1
527541 519496 3
527541 486982 4.2
21683 17258 8.3
21683 78391 1
781513 729235 2
781513 714076 4.9
661879 693423 0.3
661879 615962 0.2
13204 42066 5.1
13204 13092 6.3
74724 16230 6.2
74724 21683 8.7
794670 742483 5.8
794670 780203 6
696225 759161 2.9
696225 648501 6.7
592860 563209 5.2
592860 590084 5.6
746768 748618 6.9
746768 701771 4.7
54266 79403 5.2
54266 83146 2.4
693423 714076 6.9
693423 623225 9.4
253510 280566 8.6
253510 268753 7.9
782300 731993 8.9
782300 739919 1.6
714076 731993 5.9
714076 693423 7.2
151289 78391 9.1
151289 124223 5.1
632868 583385 5.2
632868 687754 3
58372 87092 2.5
58372 133926 1.5
798731 714076 2.7
798731 759161 8.5
216811 151103 1.8
216811 252850 6.9
561014 605050 8.9
561014 554772 0.9
507428 465995 6.7
507428 523695 3.1
83146 21954 5.3
83146 132646 1.8
432057 366334 4.6
432057 486982 4
227876 181067 2.8
227876 253005 2.3
280566 298504 5.2
280566 253510 8.2
116950 151103 3.1
116950 189872 2.8
486982 472512 9.9
486982 527541 1
698479 687754 9.8
698479 684914 1.9
69449 78391 4.4
69449 79403 4.7
354539 300585 0.5
354539 306809 4.5
361892 366334 8.6
361892 301588 0.1
514440 504468 6
514440 501928 1.9
666787 599285 1.6
666787 719910 4.4
268753 288503 2.1
268753 253510 0
94205 87092 2.1
94205 49143 0.8
515067 471838 8.1
515067 561014 4
674948 604751 8.2
674948 742483 2.6
406160 332380 5.2
406160 471838 4.3
696320 653162 0.9
696320 701771 0.4
288503 274922 2.2
288503 351540 8.6
43616 21954 7.7
43616 13092 8.9
587303 648501 5.4
587303 590084 7
17258 69449 0.4
17258 21683 9.9
615962 645604 6.2
615962 554772 6.3
258123 261790 7.9
258123 280566 3.7
450367 491745 1.3
450367 375681 7.4
315022 266429 2.9
315022 366334 4.8
479605 523695 0.6
479605 525571 9.3
13092 49143 6.4
13092 75152 8.5
97449 54266 2.8
97449 79403 4.6
444136 375681 3.7
444136 504468 2.1
16230 124223 8.8
16230 21683 9.7
366334 315022 7.8
366334 301588 5.1
205542 227186 1.8
205542 198285 1.8
87092 58372 0.7
87092 133926 0.3
653162 592860 5.3
653162 701771 0
397709 354539 8.3
397709 440985 4
612018 586872 4.4
612018 533778 4.7
349814 363371 3.5
349814 351540 8.6
