* - Graph constructor
*   - V()
*   - E()
*   - Vertices()
*   - Construct
* - BFSPaths:
?   - HasPath
?   - PathTo
?   - Distance
?   - Traversal

Potential Deductions:
   Memory Leaks
   Console Spam
   Compiler warnings
   Binary or generated files in repository
-------------------------------------------------------------------------------
Total: 9/12

Notes:
------

   * Looks like the BFSPaths client isn't returning the right path in all cases.
     There is a wa8 walkthrough on the assignment page that might help give some
     insight as to the problem.  Let me know if you want to walk through this
     and debug it.

Compiling testGraph: 
 
Compiling testBFSPaths: 
Running testGraph [graph.dat]:
 
Running testGraph [sparseGraph.dat]:
 
Running testBFSPaths [graph.dat]:
0a1,202
> 112767 17411 17482 26546 24826 12275 
> 112767 111815 25359 12694 
> 112767 17411 
> 112767 17411 17482 
> 112767 17411 17482 26546 24826 41128 19588 
> 112767 17411 17482 26546 24826 41128 19588 52935 35087 19697 
> 112767 17411 17482 26546 24826 
> 112767 111815 25359 
> 112767 17411 17482 26546 
> 112767 111815 25359 28816 
> 112767 17411 34414 
> 112767 17411 17482 26546 24826 41128 19588 52935 35087 
> 112767 17411 17482 26546 24826 41128 
> 112767 17411 51574 
> 112767 17411 17482 26546 24826 41128 19588 52935 
> 112767 111815 25359 55864 
> 112767 17411 34414 55916 
> 112767 17411 17482 26546 24826 63556 
> 112767 124541 125498 71529 
> 112767 17411 78655 
> 112767 17411 17482 26546 24826 41128 19588 52935 35087 80069 
> 112767 17411 17482 26546 24826 41128 91548 
> 112767 17411 17482 26546 96812 
> 112767 111815 97353 
> 112767 17411 17482 26546 24826 41128 19588 109610 107903 
> 112767 17411 17482 26546 24826 41128 19588 109610 
> 112767 111815 97353 109871 
> 112767 111815 
> 112767 17411 17482 26546 96812 113095 
> 112767 124541 125498 71529 117452 
> 112767 17411 34414 55916 117921 
> 112767 124541 
> 112767 124541 125498 
> 112767 17411 17482 26546 24826 41128 19588 52935 130355 
> 112767 111815 141477 
> 112767 17411 17482 26546 96812 113095 145559 
> 112767 17411 17482 26546 24826 41128 19588 52935 35087 80069 157473 
> 112767 17411 17482 26546 24826 41128 19588 52935 130355 161008 
> 112767 163200 
> 112767 124541 180378 220060 176915 169777 
> 112767 17411 17482 26546 96812 113095 145559 170807 
> 112767 175729 
> 112767 124541 180378 220060 176915 
> 112767 124541 125498 177733 
> 112767 111815 141477 179196 
> 112767 124541 180378 
> 112767 175729 181952 
> 112767 17411 17482 26546 96812 113095 145559 193256 
> 112767 111815 141477 179196 198920 
> 112767 124541 208219 
> 112767 17411 17482 26546 96812 113095 145559 170807 210490 208741 
> 112767 17411 17482 26546 96812 113095 145559 170807 210490 
> 112767 163200 211761 
> 112767 124541 180378 220060 176915 169777 216611 
> 112767 175729 219804 
> 112767 124541 180378 220060 
> 112767 17411 17482 26546 96812 113095 145559 170807 223942 
> 112767 17411 17482 26546 96812 113095 145559 170807 229292 
> 112767 124541 180378 232586 
> 112767 175729 181952 235906 
> 112767 124541 180378 220060 176915 239008 
> 112767 17411 17482 26546 96812 113095 145559 170807 210490 239381 
> 112767 111815 141477 179196 244840 
> 112767 124541 180378 220060 176915 169777 246270 
> 112767 124541 180378 232586 260405 
> 112767 124541 180378 220060 176915 169777 216611 267949 
> 112767 163200 211761 268450 
> 112767 175729 219804 271956 
> 112767 17411 17482 26546 96812 113095 145559 170807 210490 278001 
> 112767 124541 180378 232586 279379 
> 112767 175729 181952 235906 283587 
> 112767 17411 17482 26546 96812 113095 145559 170807 223942 285142 
> 112767 175729 181952 235906 293419 
> 112767 124541 180378 220060 301948 297505 
> 112767 124541 180378 220060 301948 
> 112767 17411 17482 26546 96812 113095 145559 170807 210490 239381 304165 
> 112767 163200 211761 268450 305386 
> 112767 124541 180378 220060 176915 239008 308360 
> 112767 124541 180378 220060 176915 169777 216611 267949 314801 
> 112767 163200 211761 268450 305386 317928 
> 112767 124541 180378 220060 176915 239008 308360 324623 
> 112767 124541 180378 220060 301948 326165 
> 112767 124541 180378 220060 176915 169777 216611 267949 314801 330183 
> 112767 175729 181952 235906 283587 343045 
> 112767 124541 180378 220060 301948 351507 
> 112767 124541 180378 220060 301948 357738 
> 112767 124541 180378 220060 176915 169777 216611 267949 314801 330183 360820 
> 112767 175729 181952 235906 283587 360950 
> 112767 17411 17482 26546 96812 113095 145559 170807 210490 239381 304165 361772 
> 112767 163200 211761 268450 305386 370146 
> 112767 175729 181952 235906 283587 343045 371806 
> 112767 124541 180378 220060 301948 351507 374980 
> 112767 163200 211761 268450 305386 377439 
> 112767 124541 180378 220060 176915 169777 216611 267949 314801 377804 
> 112767 124541 180378 220060 301948 351507 374980 380445 
> 112767 124541 180378 220060 301948 351507 374980 380445 429084 390468 
> 112767 124541 180378 220060 301948 351507 395573 
> 112767 163200 211761 268450 305386 317928 398002 
> 112767 163200 211761 268450 305386 377439 408099 
> 112767 175729 181952 235906 283587 360950 411374 
> 112767 124541 180378 220060 301948 351507 374980 380445 429084 390468 456224 412148 
> 112767 163200 211761 268450 305386 370146 416056 
> 112767 124541 180378 220060 301948 351507 374980 419950 
> 112767 124541 180378 220060 301948 351507 374980 380445 422719 
> 112767 163200 211761 268450 305386 317928 398002 427644 
> 112767 124541 180378 220060 301948 351507 374980 380445 429084 
> 112767 124541 180378 220060 301948 351507 395573 433402 
> 112767 163200 211761 268450 305386 377439 436851 
> 112767 124541 180378 220060 301948 351507 374980 380445 429084 437235 
> 112767 163200 211761 268450 305386 370146 447600 
> 112767 163200 211761 268450 305386 377439 408099 453154 
> 112767 124541 180378 220060 301948 351507 374980 380445 429084 390468 456224 
> 112767 124541 180378 220060 301948 351507 374980 419950 458680 
> 112767 175729 181952 235906 283587 360950 411374 462646 
> 112767 175729 181952 235906 283587 343045 371806 462699 
> 112767 124541 180378 220060 301948 351507 374980 380445 429084 390468 456224 477877 
> 112767 163200 211761 268450 305386 370146 416056 479057 
> 112767 163200 211761 268450 305386 370146 447600 485440 
> 112767 163200 211761 268450 305386 377439 408099 485502 
> 112767 163200 211761 268450 305386 370146 416056 487106 
> 112767 124541 180378 220060 301948 351507 374980 380445 429084 437235 489471 
> 112767 124541 180378 220060 301948 351507 374980 380445 422719 491118 490280 
> 112767 124541 180378 220060 301948 351507 374980 380445 422719 491118 
> 112767 163200 211761 268450 305386 317928 398002 427644 501432 
> 112767 163200 211761 268450 305386 377439 408099 485502 554850 503587 
> 112767 124541 180378 220060 301948 351507 374980 419950 458680 507262 
> 112767 163200 211761 268450 305386 377439 436851 522369 
> 112767 124541 180378 220060 301948 351507 374980 380445 429084 390468 456224 524605 
> 112767 163200 211761 268450 305386 317928 398002 427644 501432 525673 
> 112767 163200 211761 268450 305386 370146 416056 479057 534838 
> 112767 124541 180378 220060 301948 351507 374980 380445 422719 491118 537968 535334 
> 112767 163200 211761 268450 305386 370146 416056 487106 536574 
> 112767 124541 180378 220060 301948 351507 374980 380445 422719 491118 537968 
> 112767 175729 181952 235906 283587 360950 411374 462646 542716 
> 112767 124541 180378 220060 301948 351507 374980 380445 429084 390468 456224 549865 
> 112767 163200 211761 268450 305386 370146 416056 479057 552917 
> 112767 163200 211761 268450 305386 377439 408099 485502 554850 
> 112767 163200 211761 268450 305386 377439 408099 485502 554850 503587 557623 
> 112767 163200 211761 268450 305386 317928 398002 427644 501432 559007 
> 112767 124541 180378 220060 301948 351507 374980 380445 429084 437235 489471 566878 
> 112767 124541 180378 220060 301948 351507 374980 419950 458680 507262 574793 
> 112767 124541 180378 220060 301948 351507 374980 380445 422719 491118 537968 578511 
> 112767 163200 211761 268450 305386 370146 416056 487106 536574 579789 
> 112767 163200 211761 268450 305386 317928 398002 427644 501432 525673 581442 
> 112767 163200 211761 268450 305386 377439 436851 522369 584492 
> 112767 163200 211761 268450 305386 370146 416056 479057 534838 587981 
> 112767 124541 180378 220060 301948 351507 374980 380445 429084 390468 456224 524605 602062 
> 112767 175729 181952 235906 283587 360950 411374 462646 542716 607586 
> 112767 124541 180378 220060 301948 351507 374980 419950 458680 507262 574793 616149 
> 112767 163200 211761 268450 305386 370146 416056 479057 552917 619517 
> 112767 124541 180378 220060 301948 351507 374980 380445 422719 491118 537968 578511 621759 
> 112767 163200 211761 268450 305386 370146 416056 479057 534838 587981 625747 
> 112767 124541 180378 220060 301948 351507 374980 419950 458680 507262 574793 627045 
> 112767 124541 180378 220060 301948 351507 374980 380445 422719 491118 537968 627995 
> 112767 163200 211761 268450 305386 317928 398002 427644 501432 559007 628335 
> 112767 163200 211761 268450 305386 377439 436851 522369 584492 652931 634989 
> 112767 124541 180378 220060 301948 351507 374980 380445 422719 491118 537968 578511 621759 645225 
> 112767 163200 211761 268450 305386 317928 398002 427644 501432 559007 628335 652701 
> 112767 163200 211761 268450 305386 377439 436851 522369 584492 652931 
> 112767 163200 211761 268450 305386 317928 398002 427644 501432 525673 581442 653481 
> 112767 175729 181952 235906 283587 360950 411374 462646 542716 607586 659719 
> 112767 124541 180378 220060 301948 351507 374980 419950 458680 507262 574793 616149 662086 
> 112767 163200 211761 268450 305386 377439 436851 522369 584492 665480 
> 112767 163200 211761 268450 305386 377439 436851 522369 584492 652931 634989 668333 
> 112767 124541 180378 220060 301948 351507 374980 380445 429084 390468 456224 524605 602062 668681 
> 112767 163200 211761 268450 305386 377439 436851 522369 584492 665480 692426 670768 
> 112767 124541 180378 220060 301948 351507 374980 380445 422719 491118 537968 627995 673021 
> 112767 124541 180378 220060 301948 351507 374980 419950 458680 507262 574793 627045 675640 
> 112767 124541 180378 220060 301948 351507 374980 380445 422719 491118 537968 578511 621759 679381 
> 112767 163200 211761 268450 305386 317928 398002 427644 501432 559007 628335 685017 
> 112767 163200 211761 268450 305386 377439 436851 522369 584492 665480 692426 
> 112767 163200 211761 268450 305386 377439 436851 522369 584492 652931 634989 697967 
> 112767 163200 211761 268450 305386 377439 436851 522369 584492 652931 704215 
> 112767 175729 181952 235906 283587 360950 411374 462646 542716 607586 659719 711076 
> 112767 163200 211761 268450 305386 317928 398002 427644 501432 559007 628335 652701 713859 
> 112767 163200 211761 268450 305386 377439 436851 522369 584492 665480 692426 713943 
> 112767 124541 180378 220060 301948 351507 374980 380445 422719 491118 537968 578511 621759 679381 724344 
> 112767 163200 211761 268450 305386 377439 436851 522369 584492 652931 634989 668333 725101 
> 112767 124541 180378 220060 301948 351507 374980 380445 422719 491118 537968 578511 621759 645225 728929 
> 112767 163200 211761 268450 305386 377439 436851 522369 584492 665480 692426 670768 729294 
> 112767 175729 181952 235906 283587 360950 411374 462646 542716 607586 659719 729915 
> 112767 124541 180378 220060 301948 351507 374980 380445 422719 491118 537968 627995 673021 730561 
> 112767 163200 211761 268450 305386 377439 436851 522369 584492 652931 634989 668333 732237 
> 112767 124541 180378 220060 301948 351507 374980 380445 422719 491118 537968 578511 621759 645225 734379 
> 112767 163200 211761 268450 305386 377439 436851 522369 584492 652931 704215 739282 
> 112767 163200 211761 268450 305386 377439 436851 522369 584492 652931 704215 742048 
> 112767 163200 211761 268450 305386 377439 436851 522369 584492 665480 692426 778751 759771 
> 112767 175729 181952 235906 283587 360950 411374 462646 542716 607586 659719 711076 766913 
> 112767 124541 180378 220060 301948 351507 374980 380445 429084 390468 456224 524605 602062 668681 776654 
> 112767 163200 211761 268450 305386 377439 436851 522369 584492 665480 692426 778751 
> 112767 163200 211761 268450 305386 377439 436851 522369 584492 652931 634989 668333 725101 783594 
> 112767 163200 211761 268450 305386 377439 436851 522369 584492 652931 634989 668333 725101 798957 783772 
> 112767 163200 211761 268450 305386 377439 436851 522369 584492 652931 704215 739282 784281 
> 112767 163200 211761 268450 305386 377439 436851 522369 584492 652931 634989 668333 732237 787087 
> 112767 163200 211761 268450 305386 377439 436851 522369 584492 652931 704215 739282 789602 
> 112767 175729 181952 235906 283587 360950 411374 462646 542716 607586 659719 711076 791131 
> 112767 163200 211761 268450 305386 377439 436851 522369 584492 652931 704215 742048 791641 
> 112767 124541 180378 220060 301948 351507 374980 380445 422719 491118 537968 627995 673021 730561 797215 
> 112767 163200 211761 268450 305386 377439 436851 522369 584492 652931 634989 668333 725101 798957 
> Connected components: 1
> Articulation Nodes:   
> 
 
Running testBFSPaths [sparseGraph.dat]:
0a1,152
> 766618 744954 685581 632465 575739 540598 493835 423650 352517 303857 255250 234503 184936 120131 67018 56296 14945 
> 766618 744954 685581 632465 575739 540598 493835 423650 352517 303857 255250 234503 184936 120131 67018 17552 
> 766618 744954 685581 632465 575739 540598 493835 423650 352517 303857 255250 234503 184936 155166 173092 135237 88392 19042 
> 766618 744954 685581 632465 575739 540598 493835 423650 353481 334640 301382 255469 193392 149228 86267 25067 
> 766618 744954 685581 632465 575739 540598 493835 423650 353481 334640 301382 255469 193392 149228 86267 27716 25827 
> 766618 744954 685581 632465 575739 540598 493835 423650 353481 334640 301382 255469 193392 149228 86267 27716 
> 766618 744954 685581 632465 575739 540598 493835 423650 352517 303857 255250 234503 184936 155166 105655 97483 29083 
> 766618 744954 685581 632465 575739 540598 493835 423650 353481 334640 301382 255469 193392 149228 86267 25067 34118 
> 766618 744954 685581 632465 575739 540598 493835 423650 352517 303857 255250 234503 184936 155166 105655 97483 39823 
> 766618 744954 685581 632465 575739 540598 493835 423650 352517 303857 255250 234503 184936 120131 67018 45330 
> 766618 744954 685581 632465 575739 540598 493835 423650 353481 334640 301382 255469 193392 149228 150060 91534 51881 
> 766618 744954 685581 632465 575739 540598 493835 423650 353481 334640 301382 255469 193392 149228 86267 55781 
> 766618 744954 685581 632465 575739 540598 493835 423650 352517 303857 255250 234503 184936 120131 67018 56296 
> 766618 744954 685581 632465 575739 540598 493835 423650 352517 303857 255250 234503 184936 155166 173092 135237 88392 57675 
> 766618 744954 685581 632465 575739 540598 493835 423650 352517 303857 255250 234503 184936 120131 67018 
> 766618 744954 685581 632465 575739 540598 493835 423650 353481 334640 301382 255469 193392 149228 86267 
> 766618 744954 685581 632465 575739 540598 493835 423650 352517 303857 255250 234503 184936 155166 173092 135237 88392 
> 766618 744954 685581 632465 575739 540598 493835 423650 353481 334640 301382 255469 193392 149228 150060 91534 
> 766618 744954 685581 632465 575739 540598 493835 423650 352517 303857 255250 234503 184936 155166 105655 97483 
> 766618 744954 685581 632465 575739 540598 493835 423650 352517 303857 255250 234503 184936 120131 100410 
> 766618 744954 685581 632465 575739 540598 493835 423650 352517 303857 255250 234503 184936 155166 105655 
> 766618 744954 685581 632465 575739 540598 493835 423650 352517 303857 255250 234503 184936 155166 173092 135237 88392 116218 
> 766618 744954 685581 632465 575739 540598 493835 423650 352517 303857 255250 234503 184936 120131 
> 766618 797120 786189 739406 652088 652912 611466 562923 477394 409915 383759 321605 280154 287300 227846 173752 124251 
> 766618 744954 685581 632465 575739 540598 493835 423650 352517 303857 255250 234503 184936 120131 100410 134674 
> 766618 744954 685581 632465 575739 540598 493835 423650 352517 303857 255250 234503 184936 155166 173092 135237 
> 766618 744954 685581 632465 575739 540598 493835 423650 353481 334640 301382 255469 193392 141252 
> 766618 744954 685581 632465 575739 540598 493835 423650 352517 303857 255250 234503 184936 155166 173092 135237 141465 
> 766618 744954 685581 632465 575739 540598 493835 423650 353481 334640 301382 255469 193392 149228 
> 766618 744954 685581 632465 575739 540598 493835 423650 353481 334640 301382 255469 193392 149228 150060 
> 766618 744954 685581 632465 575739 540598 493835 423650 352517 303857 255250 234503 184936 155166 
> 766618 744954 685581 632465 575739 540598 493835 423650 352517 303857 255250 234503 184936 155283 
> 766618 797120 786189 739406 652088 652912 611466 562923 477394 409915 383759 321605 280154 287300 227846 172011 
> 766618 744954 685581 632465 575739 540598 493835 423650 352517 303857 255250 234503 184936 155166 173092 
> 766618 797120 786189 739406 652088 652912 611466 562923 477394 409915 383759 321605 280154 287300 227846 173752 
> 766618 744954 685581 632465 575739 540598 493835 423650 352517 303857 255250 234503 184936 
> 766618 744954 685581 632465 575739 540598 493835 423650 352517 303857 255250 234503 185951 
> 766618 744954 685581 632465 575739 540598 493835 423650 352517 303857 255250 234503 184936 155166 173092 188315 
> 766618 744954 685581 632465 575739 540598 493835 423650 353481 334640 301382 255469 193392 
> 766618 744954 685581 632465 575739 540598 493835 423650 352517 303857 257108 200432 246394 197831 
> 766618 744954 685581 632465 575739 540598 493835 423650 352517 303857 257108 200432 
> 766618 744954 685581 632465 575739 540598 493835 423650 352517 303857 255250 234503 184936 155166 212762 
> 766618 744954 685581 632465 575739 540598 493835 423650 353481 334640 301382 255469 221341 
> 766618 797120 786189 739406 652088 652912 611466 562923 477394 409915 383759 321605 280154 287300 227846 
> 766618 744954 685581 632465 575739 540598 493835 423650 352517 303857 255250 234503 
> 766618 744954 685581 632465 575739 540598 493835 423650 352517 303857 255250 234503 184936 155166 173092 241508 
> 766618 744954 685581 632465 575739 540598 493835 423650 352517 303857 257108 200432 246394 
> 766618 744954 685581 632465 575739 540598 493835 423650 353481 334640 301382 333852 254676 
> 766618 744954 685581 632465 575739 540598 493835 423650 352517 303857 255250 
> 766618 744954 685581 632465 575739 540598 493835 423650 353481 334640 301382 255469 
> 766618 744954 685581 632465 575739 540598 493835 423650 352517 303857 257108 
> 766618 797120 786189 739406 652088 652912 611466 562923 477394 409915 383759 321605 280154 287300 227846 263816 
> 766618 744954 685581 632465 575739 540598 489239 526067 446910 374928 359546 301885 267734 
> 766618 744954 685581 632465 575739 540598 493835 423650 353481 334640 301382 255469 277131 
> 766618 797120 786189 739406 652088 652912 611466 562923 477394 409915 383759 321605 280154 
> 766618 797120 786189 739406 652088 652912 611466 568190 533942 487074 432245 433094 404226 344713 282619 
> 766618 797120 786189 739406 652088 652912 611466 562923 477394 409915 383759 321605 280154 287300 
> 766618 744954 685581 632465 575739 540598 493835 423650 352517 303857 257108 299456 
> 766618 744954 685581 632465 575739 540598 493835 423650 353481 334640 301382 
> 766618 744954 685581 632465 575739 540598 489239 526067 446910 374928 359546 301885 
> 766618 744954 685581 632465 575739 540598 493835 423650 352517 303857 
> 766618 797120 786189 739406 652088 652912 611466 568190 533942 487074 432245 433094 404226 344713 282619 309698 
> 766618 797120 786189 739406 652088 652912 611466 562923 477394 409915 383759 321605 
> 766618 797120 786189 739406 652088 652912 611466 562923 477394 409915 383759 321605 280154 332337 
> 766618 744954 685581 632465 575739 540598 493835 423650 353481 334640 301382 333852 
> 766618 744954 685581 632465 575739 540598 493835 423650 353481 334640 
> 766618 797120 786189 739406 652088 652912 611466 562923 477394 439510 397189 389918 334979 
> 766618 797120 786189 739406 652088 652912 611466 568190 533942 487074 432245 433094 404226 344713 
> 766618 744954 685581 632465 575739 540598 493835 423650 352517 
> 766618 744954 685581 632465 575739 540598 493835 423650 353481 
> 766618 744954 685581 632465 575739 540598 489239 526067 446910 374928 359546 
> 766618 744954 685581 636125 591098 529015 460626 467886 398565 359891 
> 766618 744954 685581 636125 591098 529015 460626 467886 398565 359891 405831 374380 
> 766618 744954 685581 632465 575739 540598 489239 526067 446910 374928 
> 766618 797120 786189 739406 652088 652912 611466 562923 477394 409915 383759 
> 766618 797120 786189 739406 652088 652912 611466 562923 477394 439510 397189 389918 
> 766618 797120 786189 739406 652088 652912 611466 562923 477394 439510 397189 
> 766618 744954 685581 636125 591098 529015 460626 467886 398565 
> 766618 797120 786189 739406 652088 652912 611466 568190 533942 487074 432245 433094 404226 
> 766618 744954 685581 636125 591098 529015 460626 467886 398565 359891 405831 
> 766618 797120 786189 739406 652088 652912 611466 562923 477394 409915 
> 766618 797120 786189 739406 652088 652912 611466 568190 533942 487074 497801 484250 417663 
> 766618 744954 685581 632465 575739 540598 493835 423650 
> 766618 797120 786189 739406 652088 652912 611466 568190 533942 487074 432245 
> 766618 797120 786189 739406 652088 652912 611466 568190 533942 487074 432245 433094 
> 766618 797120 786189 739406 652088 652912 611466 562923 477394 439510 
> 766618 744954 685581 632465 575739 540598 489239 526067 446910 
> 766618 744954 685581 636125 591098 529015 460626 
> 766618 744954 685581 636125 591098 529015 460626 467886 
> 766618 797120 786189 739406 652088 652912 611466 562923 477394 
> 766618 797120 786189 739406 652088 652912 611466 568190 533942 487074 497801 484250 
> 766618 744954 685581 636125 591098 529015 514663 577681 545351 486869 
> 766618 797120 786189 739406 652088 652912 611466 568190 533942 487074 
> 766618 744954 685581 632465 575739 540598 489239 
> 766618 744954 685581 632465 575739 540598 493835 
> 766618 797120 786189 739406 652088 652912 611466 568190 533942 487074 497801 
> 766618 744954 685581 636125 591098 529015 514663 
> 766618 797120 786189 739406 652088 652912 611466 568190 517836 
> 766618 744954 685581 632465 575739 540598 489239 526067 
> 766618 744954 685581 636125 591098 529015 
> 766618 797120 786189 739406 652088 652912 611466 568190 533942 
> 766618 744954 685581 632465 575739 540598 535119 
> 766618 744954 685581 632465 575739 540598 
> 766618 797120 786189 739406 652088 652912 611466 568190 601414 601351 544605 
> 766618 744954 685581 636125 591098 529015 514663 577681 545351 
> 766618 797120 786189 739406 652088 652912 611466 562923 
> 766618 797120 786189 739406 652088 652912 611466 568190 601414 601351 564356 
> 766618 797120 786189 739406 652088 652912 611466 568190 
> 766618 744954 685581 632465 575739 
> 766618 744954 685581 636125 591098 529015 514663 577681 
> 766618 744954 685581 698257 673138 639882 603826 582285 
> 766618 797120 786189 739406 652088 585530 
> 766618 744954 685581 636125 591098 
> 766618 797120 786189 739406 652088 652912 611466 568190 601414 601351 
> 766618 797120 786189 739406 652088 652912 611466 568190 601414 
> 766618 744954 685581 698257 673138 639882 603826 
> 766618 797120 786189 739406 652088 652912 611466 
> 766618 744954 685581 698257 673138 639882 603826 629881 
> 766618 797120 786189 739406 652088 652912 611466 568190 631193 
> 766618 744954 685581 632465 
> 766618 744954 685581 636125 
> 766618 744954 685581 698257 673138 639882 
> 766618 744954 685581 632465 641398 
> 766618 797120 786189 739406 652088 652912 611466 568190 601414 601351 564356 645335 
> 766618 797120 786189 739406 652088 
> 766618 797120 786189 739406 652088 652912 
> 766618 744954 685581 632465 641398 666541 
> 766618 744954 685581 698257 673138 
> 766618 797120 786189 759144 716777 708596 734627 684234 
> 766618 744954 685581 
> 766618 797120 786189 759144 716777 708596 734627 684234 692244 
> 766618 797120 786189 759144 716777 708596 734627 684234 692244 695780 
> 766618 744954 685581 698257 
> 766618 744954 701700 
> 766618 797120 786189 759144 716777 708596 
> 766618 797120 786189 759144 716777 
> 766618 797120 786189 759144 716777 708596 734627 
> 766618 797120 786189 759144 716777 708596 734627 684234 692244 695780 737117 
> 766618 797120 786189 739406 
> 766618 744954 
> 766618 797120 786189 759144 716777 708596 734627 684234 692244 748886 
> 766618 797120 786189 759144 
> 766618 772979 
> 766618 797120 786189 759144 716777 774318 
> 766618 797120 786189 759144 716777 708596 734627 684234 692244 783041 
> 766618 797120 786189 
> 766618 797120 792555 
> 766618 797120 786189 759144 716777 708596 734627 796702 
> 766618 797120 
> Connected components: 1
> Articulation Nodes:   
> 97483 
 
Memory checking:
==29738== Memcheck, a memory error detector
==29738== Copyright (C) 2002-2017, and GNU GPL'd, by Julian Seward et al.
==29738== Using Valgrind-3.13.0 and LibVEX; rerun with -h for copyright info
==29738== Command: testBFSPaths
==29738== 
==29738== Invalid write of size 1
==29738==    at 0x10B7CF: BFSPaths::bfs(Graph*, int) (in /home/faculty/phinker/CSC315/Spring2021/Assignments/Weekly/MinchTate/wa8/testBFSPaths)
==29738==    by 0x10B6A4: BFSPaths::BFSPaths(Graph*, int) (in /home/faculty/phinker/CSC315/Spring2021/Assignments/Weekly/MinchTate/wa8/testBFSPaths)
==29738==    by 0x10962D: main (in /home/faculty/phinker/CSC315/Spring2021/Assignments/Weekly/MinchTate/wa8/testBFSPaths)
==29738==  Address 0x5c2c33f is 110,767 bytes inside an unallocated block of size 3,833,168 in arena "client"
==29738== 
==29738== Invalid write of size 4
==29738==    at 0x10B7ED: BFSPaths::bfs(Graph*, int) (in /home/faculty/phinker/CSC315/Spring2021/Assignments/Weekly/MinchTate/wa8/testBFSPaths)
==29738==    by 0x10B6A4: BFSPaths::BFSPaths(Graph*, int) (in /home/faculty/phinker/CSC315/Spring2021/Assignments/Weekly/MinchTate/wa8/testBFSPaths)
==29738==    by 0x10962D: main (in /home/faculty/phinker/CSC315/Spring2021/Assignments/Weekly/MinchTate/wa8/testBFSPaths)
==29738==  Address 0x5c7edcc is 449,340 bytes inside an unallocated block of size 3,833,168 in arena "client"
==29738== 
==29738== Invalid read of size 1
==29738==    at 0x10B8C1: BFSPaths::bfs(Graph*, int) (in /home/faculty/phinker/CSC315/Spring2021/Assignments/Weekly/MinchTate/wa8/testBFSPaths)
==29738==    by 0x10B6A4: BFSPaths::BFSPaths(Graph*, int) (in /home/faculty/phinker/CSC315/Spring2021/Assignments/Weekly/MinchTate/wa8/testBFSPaths)
==29738==    by 0x10962D: main (in /home/faculty/phinker/CSC315/Spring2021/Assignments/Weekly/MinchTate/wa8/testBFSPaths)
==29738==  Address 0x5c14ec3 is 14,755 bytes inside an unallocated block of size 3,832,512 in arena "client"
==29738== 
==29738== Invalid write of size 1
==29738==    at 0x10B8ED: BFSPaths::bfs(Graph*, int) (in /home/faculty/phinker/CSC315/Spring2021/Assignments/Weekly/MinchTate/wa8/testBFSPaths)
==29738==    by 0x10B6A4: BFSPaths::BFSPaths(Graph*, int) (in /home/faculty/phinker/CSC315/Spring2021/Assignments/Weekly/MinchTate/wa8/testBFSPaths)
==29738==    by 0x10962D: main (in /home/faculty/phinker/CSC315/Spring2021/Assignments/Weekly/MinchTate/wa8/testBFSPaths)
==29738==  Address 0x5c14ec3 is 14,755 bytes inside an unallocated block of size 3,832,512 in arena "client"
==29738== 
==29738== Invalid read of size 4
==29738==    at 0x10B90B: BFSPaths::bfs(Graph*, int) (in /home/faculty/phinker/CSC315/Spring2021/Assignments/Weekly/MinchTate/wa8/testBFSPaths)
==29738==    by 0x10B6A4: BFSPaths::BFSPaths(Graph*, int) (in /home/faculty/phinker/CSC315/Spring2021/Assignments/Weekly/MinchTate/wa8/testBFSPaths)
==29738==    by 0x10962D: main (in /home/faculty/phinker/CSC315/Spring2021/Assignments/Weekly/MinchTate/wa8/testBFSPaths)
==29738==  Address 0x5c7edcc is 448,684 bytes inside an unallocated block of size 3,832,512 in arena "client"
==29738== 
==29738== Invalid write of size 4
==29738==    at 0x10B932: BFSPaths::bfs(Graph*, int) (in /home/faculty/phinker/CSC315/Spring2021/Assignments/Weekly/MinchTate/wa8/testBFSPaths)
==29738==    by 0x10B6A4: BFSPaths::BFSPaths(Graph*, int) (in /home/faculty/phinker/CSC315/Spring2021/Assignments/Weekly/MinchTate/wa8/testBFSPaths)
==29738==    by 0x10962D: main (in /home/faculty/phinker/CSC315/Spring2021/Assignments/Weekly/MinchTate/wa8/testBFSPaths)
==29738==  Address 0x5c21bdc is 67,260 bytes inside an unallocated block of size 3,832,512 in arena "client"
==29738== 
==29738== Invalid write of size 4
==29738==    at 0x10B95D: BFSPaths::bfs(Graph*, int) (in /home/faculty/phinker/CSC315/Spring2021/Assignments/Weekly/MinchTate/wa8/testBFSPaths)
==29738==    by 0x10B6A4: BFSPaths::BFSPaths(Graph*, int) (in /home/faculty/phinker/CSC315/Spring2021/Assignments/Weekly/MinchTate/wa8/testBFSPaths)
==29738==    by 0x10962D: main (in /home/faculty/phinker/CSC315/Spring2021/Assignments/Weekly/MinchTate/wa8/testBFSPaths)
==29738==  Address 0x5c21f3c is 68,124 bytes inside an unallocated block of size 3,832,512 in arena "client"
==29738== 
==29738== 
==29738== Process terminating with default action of signal 11 (SIGSEGV)
==29738==  Access not within mapped region at address 0x6C13B18
==29738==    at 0x10BA19: BFSPaths::hasPath(int) (in /home/faculty/phinker/CSC315/Spring2021/Assignments/Weekly/MinchTate/wa8/testBFSPaths)
==29738==    by 0x109701: main (in /home/faculty/phinker/CSC315/Spring2021/Assignments/Weekly/MinchTate/wa8/testBFSPaths)
==29738==  If you believe this happened as a result of a stack
==29738==  overflow in your program's main thread (unlikely but
==29738==  possible), you can try to increase the size of the
==29738==  main thread stack using the --main-stacksize= flag.
==29738==  The main thread stack size used in this run was 8388608.
==29738== 
==29738== HEAP SUMMARY:
==29738==     in use at exit: 110,200 bytes in 2,338 blocks
==29738==   total heap usage: 7,105 allocs, 4,767 frees, 388,848 bytes allocated
==29738== 
==29738== LEAK SUMMARY:
==29738==    definitely lost: 0 bytes in 0 blocks
==29738==    indirectly lost: 0 bytes in 0 blocks
==29738==      possibly lost: 0 bytes in 0 blocks
==29738==    still reachable: 110,200 bytes in 2,338 blocks
==29738==         suppressed: 0 bytes in 0 blocks
==29738== Reachable blocks (those to which a pointer was found) are not shown.
==29738== To see them, rerun with: --leak-check=full --show-leak-kinds=all
==29738== 
==29738== For counts of detected and suppressed errors, rerun with: -v
==29738== ERROR SUMMARY: 1765 errors from 7 contexts (suppressed: 0 from 0)
